106
106 109
106 109 127
106 109 127 19
106 109 127 37
106 109 127 55
106 109 127 75
106 109 127 75 91
106 109 127 91
106 109 19
106 109 19 91
106 109 37
106 109 37 91
106 109 55
106 109 55 91
106 109 75
106 109 75 91
106 109 91
106 127
106 127 19
106 127 37
106 127 55
106 127 75
106 127 75 91
106 127 91
106 19
106 19 91
106 37
106 37 91
106 55
106 55 91
106 75
106 75 91
106 91
109
109 124
109 124 127
109 124 127 75
109 124 127 75 91
109 124 127 91
109 124 75
109 124 75 91
109 124 91
109 127
109 127 19
109 127 19 37
109 127 19 37 91
109 127 19 55
109 127 19 55 91
109 127 19 75
109 127 19 75 91
109 127 19 88
109 127 19 88 91
109 127 19 91
109 127 37
109 127 37 55
109 127 37 55 91
109 127 37 75
109 127 37 75 91
109 127 37 88
109 127 37 88 91
109 127 37 91
109 127 55
109 127 55 75
109 127 55 75 91
109 127 55 88
109 127 55 88 91
109 127 55 91
109 127 75
109 127 75 88
109 127 75 88 91
109 127 75 91
109 127 88
109 127 88 91
109 127 91
109 19
109 19 37
109 19 37 91
109 19 55
109 19 55 91
109 19 75
109 19 75 91
109 19 88
109 19 88 91
109 19 91
109 37
109 37 55
109 37 55 91
109 37 75
109 37 75 91
109 37 88
109 37 88 91
109 37 91
109 55
109 55 75
109 55 75 91
109 55 88
109 55 88 91
109 55 91
109 75
109 75 88
109 75 88 91
109 75 91
109 88
109 88 91
109 91
124
124 127
124 127 75
124 127 75 91
124 127 91
124 75
124 75 91
124 91
127
127 19
127 19 37
127 19 37 91
127 19 55
127 19 55 91
127 19 75
127 19 75 91
127 19 88
127 19 88 91
127 19 91
127 37
127 37 55
127 37 55 91
127 37 75
127 37 75 91
127 37 88
127 37 88 91
127 37 91
127 55
127 55 75
127 55 75 91
127 55 88
127 55 88 91
127 55 91
127 75
127 75 88
127 75 88 91
127 75 91
127 88
127 88 91
127 91
19
19 37
19 37 75
19 37 91
19 55
19 55 75
19 55 91
19 75
19 75 91
19 88
19 88 91
19 91
37
37 55
37 55 75
37 55 91
37 75
37 75 91
37 88
37 88 91
37 91
55
55 75
55 75 91
55 88
55 88 91
55 91
75
75 88
75 88 91
75 91
88
88 91
91
