1
1 110
1 110 24
1 110 24 34
1 110 24 34 36
1 110 24 34 36 85
1 110 24 34 36 85 86
1 110 24 34 36 85 86 90
1 110 24 34 36 85 90
1 110 24 34 36 86
1 110 24 34 36 86 90
1 110 24 34 36 90
1 110 24 34 85
1 110 24 34 85 86
1 110 24 34 85 86 90
1 110 24 34 85 90
1 110 24 34 86
1 110 24 34 86 90
1 110 24 34 90
1 110 24 36
1 110 24 36 85
1 110 24 36 85 86
1 110 24 36 85 86 90
1 110 24 36 85 90
1 110 24 36 86
1 110 24 36 86 90
1 110 24 36 90
1 110 24 85
1 110 24 85 86
1 110 24 85 86 90
1 110 24 85 90
1 110 24 86
1 110 24 86 90
1 110 24 90
1 110 34
1 110 34 36
1 110 34 36 85
1 110 34 36 85 86
1 110 34 36 85 86 90
1 110 34 36 85 90
1 110 34 36 86
1 110 34 36 86 90
1 110 34 36 90
1 110 34 85
1 110 34 85 86
1 110 34 85 86 90
1 110 34 85 90
1 110 34 86
1 110 34 86 90
1 110 34 90
1 110 36
1 110 36 85
1 110 36 85 86
1 110 36 85 86 90
1 110 36 85 90
1 110 36 86
1 110 36 86 90
1 110 36 90
1 110 85
1 110 85 86
1 110 85 86 90
1 110 85 90
1 110 86
1 110 86 90
1 110 90
1 24
1 24 34
1 24 34 36
1 24 34 36 85
1 24 34 36 85 86
1 24 34 36 85 86 90
1 24 34 36 85 90
1 24 34 36 86
1 24 34 36 86 90
1 24 34 36 90
1 24 34 85
1 24 34 85 86
1 24 34 85 86 90
1 24 34 85 90
1 24 34 86
1 24 34 86 90
1 24 34 90
1 24 36
1 24 36 85
1 24 36 85 86
1 24 36 85 86 90
1 24 36 85 90
1 24 36 86
1 24 36 86 90
1 24 36 90
1 24 85
1 24 85 86
1 24 85 86 90
1 24 85 90
1 24 86
1 24 86 90
1 24 90
1 34
1 34 36
1 34 36 85
1 34 36 85 86
1 34 36 85 86 90
1 34 36 85 90
1 34 36 86
1 34 36 86 90
1 34 36 90
1 34 85
1 34 85 86
1 34 85 86 90
1 34 85 90
1 34 86
1 34 86 90
1 34 90
1 36
1 36 85
1 36 85 86
1 36 85 86 90
1 36 85 90
1 36 86
1 36 86 90
1 36 90
1 85
1 85 86
1 85 86 90
1 85 90
1 86
1 86 90
1 90
10
10 34
10 34 36
10 34 36 85
10 34 36 85 86
10 34 36 85 86 90
10 34 36 85 90
10 34 36 86
10 34 36 86 90
10 34 36 90
10 34 85
10 34 85 86
10 34 85 86 90
10 34 85 90
10 34 86
10 34 86 90
10 34 90
10 36
10 36 85
10 36 85 86
10 36 85 86 90
10 36 85 90
10 36 86
10 36 86 90
10 36 90
10 85
10 85 86
10 85 86 90
10 85 90
10 86
10 86 90
10 90
110
110 24
110 24 34
110 24 34 36
110 24 34 36 85
110 24 34 36 85 86
110 24 34 36 85 86 90
110 24 34 36 85 90
110 24 34 36 86
110 24 34 36 86 90
110 24 34 36 90
110 24 34 85
110 24 34 85 86
110 24 34 85 86 90
110 24 34 85 90
110 24 34 86
110 24 34 86 90
110 24 34 90
110 24 36
110 24 36 85
110 24 36 85 86
110 24 36 85 86 90
110 24 36 85 90
110 24 36 86
110 24 36 86 90
110 24 36 90
110 24 85
110 24 85 86
110 24 85 86 90
110 24 85 90
110 24 86
110 24 86 90
110 24 90
110 34
110 34 36
110 34 36 53
110 34 36 53 85
110 34 36 53 85 86
110 34 36 53 85 86 90
110 34 36 53 85 90
110 34 36 53 86
110 34 36 53 86 90
110 34 36 53 90
110 34 36 85
110 34 36 85 86
110 34 36 85 86 90
110 34 36 85 90
110 34 36 86
110 34 36 86 90
110 34 36 90
110 34 53
110 34 53 85
110 34 53 85 86
110 34 53 85 86 90
110 34 53 85 90
110 34 53 86
110 34 53 86 90
110 34 53 90
110 34 85
110 34 85 86
110 34 85 86 90
110 34 85 90
110 34 86
110 34 86 90
110 34 90
110 36
110 36 53
110 36 53 85
110 36 53 85 86
110 36 53 85 86 90
110 36 53 85 90
110 36 53 86
110 36 53 86 90
110 36 53 90
110 36 85
110 36 85 86
110 36 85 86 90
110 36 85 90
110 36 86
110 36 86 90
110 36 90
110 53
110 53 85
110 53 85 86
110 53 85 86 90
110 53 85 90
110 53 86
110 53 86 90
110 53 90
110 85
110 85 86
110 85 86 90
110 85 90
110 86
110 86 90
110 90
116
116 34
116 34 36
116 34 36 85
116 34 36 85 86
116 34 36 85 86 90
116 34 36 85 90
116 34 36 86
116 34 36 86 90
116 34 36 90
116 34 56
116 34 56 85
116 34 56 85 86
116 34 56 85 86 90
116 34 56 85 90
116 34 56 86
116 34 56 86 90
116 34 56 90
116 34 85
116 34 85 86
116 34 85 86 90
116 34 85 90
116 34 86
116 34 86 90
116 34 90
116 36
116 36 85
116 36 85 86
116 36 85 86 90
116 36 85 90
116 36 86
116 36 86 90
116 36 90
116 56
116 56 85
116 56 85 86
116 56 85 86 90
116 56 85 90
116 56 86
116 56 86 90
116 56 90
116 85
116 85 86
116 85 86 90
116 85 90
116 86
116 86 90
116 90
2
2 23
2 23 34
2 23 34 36
2 23 34 36 39
2 23 34 36 39 59
2 23 34 36 39 59 63
2 23 34 36 39 59 63 85
2 23 34 36 39 59 63 85 86
2 23 34 36 39 59 63 86
2 23 34 36 39 59 85
2 23 34 36 39 59 85 86
2 23 34 36 39 59 85 86 93
2 23 34 36 39 59 85 93
2 23 34 36 39 59 86
2 23 34 36 39 59 86 93
2 23 34 36 39 59 93
2 23 34 36 39 63
2 23 34 36 39 63 85
2 23 34 36 39 63 85 86
2 23 34 36 39 63 86
2 23 34 36 39 85
2 23 34 36 39 85 86
2 23 34 36 39 85 86 93
2 23 34 36 39 85 93
2 23 34 36 39 86
2 23 34 36 39 86 93
2 23 34 36 39 93
2 23 34 36 59
2 23 34 36 59 63
2 23 34 36 59 63 85
2 23 34 36 59 63 85 86
2 23 34 36 59 63 86
2 23 34 36 59 85
2 23 34 36 59 85 86
2 23 34 36 59 85 86 93
2 23 34 36 59 85 93
2 23 34 36 59 86
2 23 34 36 59 86 93
2 23 34 36 59 93
2 23 34 36 63
2 23 34 36 63 85
2 23 34 36 63 85 86
2 23 34 36 63 86
2 23 34 36 85
2 23 34 36 85 86
2 23 34 36 85 86 93
2 23 34 36 85 93
2 23 34 36 86
2 23 34 36 86 93
2 23 34 36 93
2 23 34 39
2 23 34 39 59
2 23 34 39 59 63
2 23 34 39 59 63 85
2 23 34 39 59 63 85 86
2 23 34 39 59 63 86
2 23 34 39 59 85
2 23 34 39 59 85 86
2 23 34 39 59 85 86 93
2 23 34 39 59 85 93
2 23 34 39 59 86
2 23 34 39 59 86 93
2 23 34 39 59 93
2 23 34 39 63
2 23 34 39 63 85
2 23 34 39 63 85 86
2 23 34 39 63 86
2 23 34 39 85
2 23 34 39 85 86
2 23 34 39 85 86 93
2 23 34 39 85 93
2 23 34 39 86
2 23 34 39 86 93
2 23 34 39 93
2 23 34 59
2 23 34 59 63
2 23 34 59 63 85
2 23 34 59 63 85 86
2 23 34 59 63 86
2 23 34 59 85
2 23 34 59 85 86
2 23 34 59 85 86 90
2 23 34 59 85 86 90 93
2 23 34 59 85 86 93
2 23 34 59 85 90
2 23 34 59 85 90 93
2 23 34 59 85 93
2 23 34 59 86
2 23 34 59 86 90
2 23 34 59 86 90 93
2 23 34 59 86 93
2 23 34 59 90
2 23 34 59 90 93
2 23 34 59 93
2 23 34 63
2 23 34 63 85
2 23 34 63 85 86
2 23 34 63 86
2 23 34 85
2 23 34 85 86
2 23 34 85 86 90
2 23 34 85 86 90 93
2 23 34 85 86 93
2 23 34 85 90
2 23 34 85 90 93
2 23 34 85 93
2 23 34 86
2 23 34 86 90
2 23 34 86 90 93
2 23 34 86 93
2 23 34 90
2 23 34 90 93
2 23 34 93
2 23 36
2 23 36 39
2 23 36 39 59
2 23 36 39 59 63
2 23 36 39 59 63 85
2 23 36 39 59 63 85 86
2 23 36 39 59 63 86
2 23 36 39 59 85
2 23 36 39 59 85 86
2 23 36 39 59 85 86 93
2 23 36 39 59 85 93
2 23 36 39 59 86
2 23 36 39 59 86 93
2 23 36 39 59 93
2 23 36 39 63
2 23 36 39 63 85
2 23 36 39 63 85 86
2 23 36 39 63 86
2 23 36 39 85
2 23 36 39 85 86
2 23 36 39 85 86 93
2 23 36 39 85 93
2 23 36 39 86
2 23 36 39 86 93
2 23 36 39 93
2 23 36 59
2 23 36 59 63
2 23 36 59 63 85
2 23 36 59 63 85 86
2 23 36 59 63 86
2 23 36 59 85
2 23 36 59 85 86
2 23 36 59 85 86 93
2 23 36 59 85 93
2 23 36 59 86
2 23 36 59 86 93
2 23 36 59 93
2 23 36 63
2 23 36 63 85
2 23 36 63 85 86
2 23 36 63 86
2 23 36 85
2 23 36 85 86
2 23 36 85 86 93
2 23 36 85 93
2 23 36 86
2 23 36 86 93
2 23 36 93
2 23 39
2 23 39 59
2 23 39 59 63
2 23 39 59 63 85
2 23 39 59 63 85 86
2 23 39 59 63 86
2 23 39 59 85
2 23 39 59 85 86
2 23 39 59 85 86 93
2 23 39 59 85 93
2 23 39 59 86
2 23 39 59 86 93
2 23 39 59 93
2 23 39 63
2 23 39 63 85
2 23 39 63 85 86
2 23 39 63 86
2 23 39 85
2 23 39 85 86
2 23 39 85 86 93
2 23 39 85 93
2 23 39 86
2 23 39 86 93
2 23 39 93
2 23 59
2 23 59 63
2 23 59 63 85
2 23 59 63 85 86
2 23 59 63 86
2 23 59 85
2 23 59 85 86
2 23 59 85 86 90
2 23 59 85 86 90 93
2 23 59 85 86 93
2 23 59 85 90
2 23 59 85 90 93
2 23 59 85 93
2 23 59 86
2 23 59 86 90
2 23 59 86 90 93
2 23 59 86 93
2 23 59 90
2 23 59 90 93
2 23 59 93
2 23 63
2 23 63 85
2 23 63 85 86
2 23 63 86
2 23 85
2 23 85 86
2 23 85 86 90
2 23 85 86 90 93
2 23 85 86 93
2 23 85 90
2 23 85 90 93
2 23 85 93
2 23 86
2 23 86 90
2 23 86 90 93
2 23 86 93
2 23 90
2 23 90 93
2 23 93
2 28
2 28 34
2 28 34 39
2 28 34 39 53
2 28 34 39 53 85
2 28 34 39 53 85 86
2 28 34 39 53 85 86 90
2 28 34 39 53 85 90
2 28 34 39 53 86
2 28 34 39 53 86 90
2 28 34 39 53 90
2 28 34 39 59
2 28 34 39 59 85
2 28 34 39 59 85 86
2 28 34 39 59 86
2 28 34 39 63
2 28 34 39 63 85
2 28 34 39 63 85 86
2 28 34 39 63 86
2 28 34 39 85
2 28 34 39 85 86
2 28 34 39 85 86 90
2 28 34 39 85 90
2 28 34 39 86
2 28 34 39 86 90
2 28 34 39 90
2 28 34 53
2 28 34 53 85
2 28 34 53 85 86
2 28 34 53 85 86 90
2 28 34 53 85 90
2 28 34 53 86
2 28 34 53 86 90
2 28 34 53 90
2 28 34 59
2 28 34 59 85
2 28 34 59 85 86
2 28 34 59 86
2 28 34 63
2 28 34 63 85
2 28 34 63 85 86
2 28 34 63 86
2 28 34 85
2 28 34 85 86
2 28 34 85 86 90
2 28 34 85 90
2 28 34 86
2 28 34 86 90
2 28 34 90
2 28 39
2 28 39 53
2 28 39 53 85
2 28 39 53 85 86
2 28 39 53 85 86 90
2 28 39 53 85 90
2 28 39 53 86
2 28 39 53 86 90
2 28 39 53 90
2 28 39 59
2 28 39 59 85
2 28 39 59 85 86
2 28 39 59 86
2 28 39 63
2 28 39 63 85
2 28 39 63 85 86
2 28 39 63 86
2 28 39 85
2 28 39 85 86
2 28 39 85 86 90
2 28 39 85 90
2 28 39 86
2 28 39 86 90
2 28 39 90
2 28 53
2 28 53 85
2 28 53 85 86
2 28 53 85 86 90
2 28 53 85 90
2 28 53 86
2 28 53 86 90
2 28 53 90
2 28 59
2 28 59 63
2 28 59 63 85
2 28 59 85
2 28 59 85 86
2 28 59 85 90
2 28 59 86
2 28 59 90
2 28 63
2 28 63 85
2 28 63 85 86
2 28 63 86
2 28 85
2 28 85 86
2 28 85 86 90
2 28 85 90
2 28 86
2 28 86 90
2 28 90
2 34
2 34 36
2 34 36 39
2 34 36 39 59
2 34 36 39 59 63
2 34 36 39 59 63 85
2 34 36 39 59 63 85 86
2 34 36 39 59 63 86
2 34 36 39 59 85
2 34 36 39 59 85 86
2 34 36 39 59 85 86 93
2 34 36 39 59 85 93
2 34 36 39 59 86
2 34 36 39 59 86 93
2 34 36 39 59 93
2 34 36 39 63
2 34 36 39 63 85
2 34 36 39 63 85 86
2 34 36 39 63 86
2 34 36 39 85
2 34 36 39 85 86
2 34 36 39 85 86 93
2 34 36 39 85 93
2 34 36 39 86
2 34 36 39 86 93
2 34 36 39 93
2 34 36 59
2 34 36 59 63
2 34 36 59 63 85
2 34 36 59 63 85 86
2 34 36 59 63 86
2 34 36 59 85
2 34 36 59 85 86
2 34 36 59 85 86 90
2 34 36 59 85 86 90 93
2 34 36 59 85 86 93
2 34 36 59 85 90
2 34 36 59 85 90 93
2 34 36 59 85 93
2 34 36 59 86
2 34 36 59 86 90
2 34 36 59 86 90 93
2 34 36 59 86 93
2 34 36 59 90
2 34 36 59 90 93
2 34 36 59 93
2 34 36 63
2 34 36 63 85
2 34 36 63 85 86
2 34 36 63 86
2 34 36 85
2 34 36 85 86
2 34 36 85 86 90
2 34 36 85 86 90 93
2 34 36 85 86 93
2 34 36 85 90
2 34 36 85 90 93
2 34 36 85 93
2 34 36 86
2 34 36 86 90
2 34 36 86 90 93
2 34 36 86 93
2 34 36 90
2 34 36 90 93
2 34 36 93
2 34 39
2 34 39 53
2 34 39 53 85
2 34 39 53 85 86
2 34 39 53 85 86 90
2 34 39 53 85 90
2 34 39 53 86
2 34 39 53 86 90
2 34 39 53 90
2 34 39 59
2 34 39 59 63
2 34 39 59 63 85
2 34 39 59 63 85 86
2 34 39 59 63 86
2 34 39 59 85
2 34 39 59 85 86
2 34 39 59 85 86 90
2 34 39 59 85 86 93
2 34 39 59 85 90
2 34 39 59 85 93
2 34 39 59 86
2 34 39 59 86 90
2 34 39 59 86 93
2 34 39 59 90
2 34 39 59 93
2 34 39 63
2 34 39 63 85
2 34 39 63 85 86
2 34 39 63 85 86 90
2 34 39 63 85 90
2 34 39 63 86
2 34 39 63 86 90
2 34 39 63 90
2 34 39 67
2 34 39 67 85
2 34 39 67 85 86
2 34 39 67 86
2 34 39 76
2 34 39 76 85
2 34 39 76 85 86
2 34 39 76 86
2 34 39 85
2 34 39 85 86
2 34 39 85 86 90
2 34 39 85 86 93
2 34 39 85 90
2 34 39 85 93
2 34 39 86
2 34 39 86 90
2 34 39 86 93
2 34 39 90
2 34 39 93
2 34 53
2 34 53 85
2 34 53 85 86
2 34 53 85 86 90
2 34 53 85 90
2 34 53 86
2 34 53 86 90
2 34 53 90
2 34 59
2 34 59 63
2 34 59 63 85
2 34 59 63 85 86
2 34 59 63 85 86 90
2 34 59 63 85 86 93
2 34 59 63 85 90
2 34 59 63 85 93
2 34 59 63 86
2 34 59 63 86 90
2 34 59 63 86 93
2 34 59 63 90
2 34 59 63 93
2 34 59 85
2 34 59 85 86
2 34 59 85 86 90
2 34 59 85 86 90 93
2 34 59 85 86 93
2 34 59 85 90
2 34 59 85 90 93
2 34 59 85 93
2 34 59 86
2 34 59 86 90
2 34 59 86 90 93
2 34 59 86 93
2 34 59 90
2 34 59 90 93
2 34 59 93
2 34 63
2 34 63 85
2 34 63 85 86
2 34 63 85 86 90
2 34 63 85 86 93
2 34 63 85 90
2 34 63 85 93
2 34 63 86
2 34 63 86 90
2 34 63 86 93
2 34 63 90
2 34 63 93
2 34 67
2 34 67 85
2 34 67 85 86
2 34 67 86
2 34 76
2 34 76 85
2 34 76 85 86
2 34 76 86
2 34 85
2 34 85 86
2 34 85 86 90
2 34 85 86 90 93
2 34 85 86 93
2 34 85 90
2 34 85 90 93
2 34 85 93
2 34 86
2 34 86 90
2 34 86 90 93
2 34 86 93
2 34 90
2 34 90 93
2 34 93
2 36
2 36 39
2 36 39 59
2 36 39 59 63
2 36 39 59 63 85
2 36 39 59 63 85 86
2 36 39 59 63 85 93
2 36 39 59 63 86
2 36 39 59 63 93
2 36 39 59 85
2 36 39 59 85 86
2 36 39 59 85 86 93
2 36 39 59 85 90
2 36 39 59 85 90 93
2 36 39 59 85 93
2 36 39 59 86
2 36 39 59 86 93
2 36 39 59 90
2 36 39 59 90 93
2 36 39 59 93
2 36 39 63
2 36 39 63 85
2 36 39 63 85 86
2 36 39 63 85 93
2 36 39 63 86
2 36 39 63 93
2 36 39 85
2 36 39 85 86
2 36 39 85 86 93
2 36 39 85 90
2 36 39 85 90 93
2 36 39 85 93
2 36 39 86
2 36 39 86 93
2 36 39 90
2 36 39 90 93
2 36 39 93
2 36 59
2 36 59 63
2 36 59 63 85
2 36 59 63 85 86
2 36 59 63 85 90
2 36 59 63 85 90 93
2 36 59 63 85 93
2 36 59 63 86
2 36 59 63 90
2 36 59 63 90 93
2 36 59 63 93
2 36 59 85
2 36 59 85 86
2 36 59 85 86 90
2 36 59 85 86 90 93
2 36 59 85 86 93
2 36 59 85 90
2 36 59 85 90 93
2 36 59 85 93
2 36 59 86
2 36 59 86 90
2 36 59 86 90 93
2 36 59 86 93
2 36 59 90
2 36 59 90 93
2 36 59 93
2 36 63
2 36 63 85
2 36 63 85 86
2 36 63 85 90
2 36 63 85 90 93
2 36 63 85 93
2 36 63 86
2 36 63 90
2 36 63 90 93
2 36 63 93
2 36 85
2 36 85 86
2 36 85 86 90
2 36 85 86 90 93
2 36 85 86 93
2 36 85 90
2 36 85 90 93
2 36 85 93
2 36 86
2 36 86 90
2 36 86 90 93
2 36 86 93
2 36 90
2 36 90 93
2 36 93
2 39
2 39 53
2 39 53 85
2 39 53 85 86
2 39 53 85 86 90
2 39 53 85 90
2 39 53 86
2 39 53 86 90
2 39 53 90
2 39 59
2 39 59 63
2 39 59 63 85
2 39 59 63 85 86
2 39 59 63 85 90
2 39 59 63 85 93
2 39 59 63 86
2 39 59 63 90
2 39 59 63 93
2 39 59 85
2 39 59 85 86
2 39 59 85 86 90
2 39 59 85 86 93
2 39 59 85 90
2 39 59 85 90 93
2 39 59 85 93
2 39 59 86
2 39 59 86 90
2 39 59 86 93
2 39 59 90
2 39 59 90 93
2 39 59 93
2 39 63
2 39 63 85
2 39 63 85 86
2 39 63 85 86 90
2 39 63 85 90
2 39 63 85 93
2 39 63 86
2 39 63 86 90
2 39 63 90
2 39 63 93
2 39 67
2 39 67 85
2 39 67 85 86
2 39 67 86
2 39 76
2 39 76 85
2 39 76 85 86
2 39 76 86
2 39 85
2 39 85 86
2 39 85 86 90
2 39 85 86 93
2 39 85 90
2 39 85 90 93
2 39 85 93
2 39 86
2 39 86 90
2 39 86 93
2 39 90
2 39 90 93
2 39 93
2 53
2 53 85
2 53 85 86
2 53 85 86 90
2 53 85 90
2 53 86
2 53 86 90
2 53 90
2 59
2 59 63
2 59 63 85
2 59 63 85 86
2 59 63 85 86 90
2 59 63 85 86 93
2 59 63 85 90
2 59 63 85 90 93
2 59 63 85 93
2 59 63 86
2 59 63 86 90
2 59 63 86 93
2 59 63 90
2 59 63 90 93
2 59 63 93
2 59 85
2 59 85 86
2 59 85 86 90
2 59 85 86 90 93
2 59 85 86 93
2 59 85 90
2 59 85 90 93
2 59 85 93
2 59 86
2 59 86 90
2 59 86 90 93
2 59 86 93
2 59 90
2 59 90 93
2 59 93
2 63
2 63 85
2 63 85 86
2 63 85 86 90
2 63 85 86 93
2 63 85 90
2 63 85 90 93
2 63 85 93
2 63 86
2 63 86 90
2 63 86 93
2 63 90
2 63 90 93
2 63 93
2 67
2 67 85
2 67 85 86
2 67 86
2 76
2 76 85
2 76 85 86
2 76 86
2 85
2 85 86
2 85 86 90
2 85 86 90 93
2 85 86 93
2 85 90
2 85 90 93
2 85 93
2 86
2 86 90
2 86 90 93
2 86 93
2 90
2 90 93
2 93
23
23 34
23 34 36
23 34 36 39
23 34 36 39 59
23 34 36 39 59 63
23 34 36 39 59 63 85
23 34 36 39 59 63 85 86
23 34 36 39 59 63 86
23 34 36 39 59 85
23 34 36 39 59 85 86
23 34 36 39 59 85 86 90
23 34 36 39 59 85 86 90 93
23 34 36 39 59 85 86 93
23 34 36 39 59 85 90
23 34 36 39 59 85 90 93
23 34 36 39 59 85 93
23 34 36 39 59 86
23 34 36 39 59 86 90
23 34 36 39 59 86 90 93
23 34 36 39 59 86 93
23 34 36 39 59 90
23 34 36 39 59 90 93
23 34 36 39 59 93
23 34 36 39 63
23 34 36 39 63 85
23 34 36 39 63 85 86
23 34 36 39 63 85 86 93
23 34 36 39 63 85 93
23 34 36 39 63 86
23 34 36 39 63 86 93
23 34 36 39 63 93
23 34 36 39 85
23 34 36 39 85 86
23 34 36 39 85 86 90
23 34 36 39 85 86 90 93
23 34 36 39 85 86 93
23 34 36 39 85 90
23 34 36 39 85 90 93
23 34 36 39 85 93
23 34 36 39 86
23 34 36 39 86 90
23 34 36 39 86 90 93
23 34 36 39 86 93
23 34 36 39 90
23 34 36 39 90 93
23 34 36 39 93
23 34 36 59
23 34 36 59 63
23 34 36 59 63 85
23 34 36 59 63 85 86
23 34 36 59 63 85 86 90
23 34 36 59 63 85 86 90 93
23 34 36 59 63 85 86 93
23 34 36 59 63 85 90
23 34 36 59 63 85 90 93
23 34 36 59 63 85 93
23 34 36 59 63 86
23 34 36 59 63 86 90
23 34 36 59 63 86 90 93
23 34 36 59 63 86 93
23 34 36 59 63 90
23 34 36 59 63 90 93
23 34 36 59 63 93
23 34 36 59 85
23 34 36 59 85 86
23 34 36 59 85 86 90
23 34 36 59 85 86 90 93
23 34 36 59 85 86 93
23 34 36 59 85 90
23 34 36 59 85 90 93
23 34 36 59 85 93
23 34 36 59 86
23 34 36 59 86 90
23 34 36 59 86 90 93
23 34 36 59 86 93
23 34 36 59 90
23 34 36 59 90 93
23 34 36 59 93
23 34 36 63
23 34 36 63 85
23 34 36 63 85 86
23 34 36 63 85 86 90
23 34 36 63 85 86 90 93
23 34 36 63 85 86 93
23 34 36 63 85 90
23 34 36 63 85 90 93
23 34 36 63 85 93
23 34 36 63 86
23 34 36 63 86 90
23 34 36 63 86 90 93
23 34 36 63 86 93
23 34 36 63 90
23 34 36 63 90 93
23 34 36 63 93
23 34 36 85
23 34 36 85 86
23 34 36 85 86 90
23 34 36 85 86 90 93
23 34 36 85 86 93
23 34 36 85 90
23 34 36 85 90 93
23 34 36 85 93
23 34 36 86
23 34 36 86 90
23 34 36 86 90 93
23 34 36 86 93
23 34 36 90
23 34 36 90 93
23 34 36 93
23 34 39
23 34 39 59
23 34 39 59 63
23 34 39 59 63 85
23 34 39 59 63 85 86
23 34 39 59 63 86
23 34 39 59 85
23 34 39 59 85 86
23 34 39 59 85 86 90
23 34 39 59 85 86 90 93
23 34 39 59 85 86 93
23 34 39 59 85 90
23 34 39 59 85 90 93
23 34 39 59 85 93
23 34 39 59 86
23 34 39 59 86 90
23 34 39 59 86 90 93
23 34 39 59 86 93
23 34 39 59 90
23 34 39 59 90 93
23 34 39 59 93
23 34 39 63
23 34 39 63 85
23 34 39 63 85 86
23 34 39 63 85 86 93
23 34 39 63 85 93
23 34 39 63 86
23 34 39 63 86 93
23 34 39 63 93
23 34 39 85
23 34 39 85 86
23 34 39 85 86 90
23 34 39 85 86 90 93
23 34 39 85 86 93
23 34 39 85 90
23 34 39 85 90 93
23 34 39 85 93
23 34 39 86
23 34 39 86 90
23 34 39 86 90 93
23 34 39 86 93
23 34 39 90
23 34 39 90 93
23 34 39 93
23 34 59
23 34 59 63
23 34 59 63 85
23 34 59 63 85 86
23 34 59 63 85 86 90
23 34 59 63 85 86 90 93
23 34 59 63 85 86 93
23 34 59 63 85 90
23 34 59 63 85 90 93
23 34 59 63 85 93
23 34 59 63 86
23 34 59 63 86 90
23 34 59 63 86 90 93
23 34 59 63 86 93
23 34 59 63 90
23 34 59 63 90 93
23 34 59 63 93
23 34 59 85
23 34 59 85 86
23 34 59 85 86 90
23 34 59 85 86 90 93
23 34 59 85 86 93
23 34 59 85 90
23 34 59 85 90 93
23 34 59 85 93
23 34 59 86
23 34 59 86 90
23 34 59 86 90 93
23 34 59 86 93
23 34 59 90
23 34 59 90 93
23 34 59 93
23 34 63
23 34 63 85
23 34 63 85 86
23 34 63 85 86 90
23 34 63 85 86 90 93
23 34 63 85 86 93
23 34 63 85 90
23 34 63 85 90 93
23 34 63 85 93
23 34 63 86
23 34 63 86 90
23 34 63 86 90 93
23 34 63 86 93
23 34 63 90
23 34 63 90 93
23 34 63 93
23 34 85
23 34 85 86
23 34 85 86 90
23 34 85 86 90 93
23 34 85 86 93
23 34 85 90
23 34 85 90 93
23 34 85 93
23 34 86
23 34 86 90
23 34 86 90 93
23 34 86 93
23 34 90
23 34 90 93
23 34 93
23 36
23 36 39
23 36 39 59
23 36 39 59 63
23 36 39 59 63 85
23 36 39 59 63 85 86
23 36 39 59 63 86
23 36 39 59 85
23 36 39 59 85 86
23 36 39 59 85 86 90
23 36 39 59 85 86 90 93
23 36 39 59 85 86 93
23 36 39 59 85 90
23 36 39 59 85 90 93
23 36 39 59 85 93
23 36 39 59 86
23 36 39 59 86 90
23 36 39 59 86 90 93
23 36 39 59 86 93
23 36 39 59 90
23 36 39 59 90 93
23 36 39 59 93
23 36 39 63
23 36 39 63 85
23 36 39 63 85 86
23 36 39 63 85 86 93
23 36 39 63 85 93
23 36 39 63 86
23 36 39 63 86 93
23 36 39 63 93
23 36 39 85
23 36 39 85 86
23 36 39 85 86 90
23 36 39 85 86 90 93
23 36 39 85 86 93
23 36 39 85 90
23 36 39 85 90 93
23 36 39 85 93
23 36 39 86
23 36 39 86 90
23 36 39 86 90 93
23 36 39 86 93
23 36 39 90
23 36 39 90 93
23 36 39 93
23 36 59
23 36 59 63
23 36 59 63 85
23 36 59 63 85 86
23 36 59 63 85 86 90
23 36 59 63 85 86 90 93
23 36 59 63 85 86 93
23 36 59 63 85 90
23 36 59 63 85 90 93
23 36 59 63 85 93
23 36 59 63 86
23 36 59 63 86 90
23 36 59 63 86 90 93
23 36 59 63 86 93
23 36 59 63 90
23 36 59 63 90 93
23 36 59 63 93
23 36 59 85
23 36 59 85 86
23 36 59 85 86 90
23 36 59 85 86 90 93
23 36 59 85 86 93
23 36 59 85 90
23 36 59 85 90 93
23 36 59 85 93
23 36 59 86
23 36 59 86 90
23 36 59 86 90 93
23 36 59 86 93
23 36 59 90
23 36 59 90 93
23 36 59 93
23 36 63
23 36 63 85
23 36 63 85 86
23 36 63 85 86 90
23 36 63 85 86 90 93
23 36 63 85 86 93
23 36 63 85 90
23 36 63 85 90 93
23 36 63 85 93
23 36 63 86
23 36 63 86 90
23 36 63 86 90 93
23 36 63 86 93
23 36 63 90
23 36 63 90 93
23 36 63 93
23 36 85
23 36 85 86
23 36 85 86 90
23 36 85 86 90 93
23 36 85 86 93
23 36 85 90
23 36 85 90 93
23 36 85 93
23 36 86
23 36 86 90
23 36 86 90 93
23 36 86 93
23 36 90
23 36 90 93
23 36 93
23 39
23 39 59
23 39 59 63
23 39 59 63 85
23 39 59 63 85 86
23 39 59 63 86
23 39 59 85
23 39 59 85 86
23 39 59 85 86 90
23 39 59 85 86 90 93
23 39 59 85 86 93
23 39 59 85 90
23 39 59 85 90 93
23 39 59 85 93
23 39 59 86
23 39 59 86 90
23 39 59 86 90 93
23 39 59 86 93
23 39 59 90
23 39 59 90 93
23 39 59 93
23 39 63
23 39 63 85
23 39 63 85 86
23 39 63 85 86 93
23 39 63 85 93
23 39 63 86
23 39 63 86 93
23 39 63 93
23 39 85
23 39 85 86
23 39 85 86 90
23 39 85 86 90 93
23 39 85 86 93
23 39 85 90
23 39 85 90 93
23 39 85 93
23 39 86
23 39 86 90
23 39 86 90 93
23 39 86 93
23 39 90
23 39 90 93
23 39 93
23 59
23 59 63
23 59 63 85
23 59 63 85 86
23 59 63 85 86 90
23 59 63 85 86 90 93
23 59 63 85 86 93
23 59 63 85 90
23 59 63 85 90 93
23 59 63 85 93
23 59 63 86
23 59 63 86 90
23 59 63 86 90 93
23 59 63 86 93
23 59 63 90
23 59 63 90 93
23 59 63 93
23 59 85
23 59 85 86
23 59 85 86 90
23 59 85 86 90 93
23 59 85 86 93
23 59 85 90
23 59 85 90 93
23 59 85 93
23 59 86
23 59 86 90
23 59 86 90 93
23 59 86 93
23 59 90
23 59 90 93
23 59 93
23 63
23 63 85
23 63 85 86
23 63 85 86 90
23 63 85 86 90 93
23 63 85 86 93
23 63 85 90
23 63 85 90 93
23 63 85 93
23 63 86
23 63 86 90
23 63 86 90 93
23 63 86 93
23 63 90
23 63 90 93
23 63 93
23 85
23 85 86
23 85 86 90
23 85 86 90 93
23 85 86 93
23 85 90
23 85 90 93
23 85 93
23 86
23 86 90
23 86 90 93
23 86 93
23 90
23 90 93
23 93
24
24 34
24 34 36
24 34 36 85
24 34 36 85 86
24 34 36 85 86 90
24 34 36 85 90
24 34 36 86
24 34 36 86 90
24 34 36 90
24 34 53
24 34 53 85
24 34 53 85 86
24 34 53 85 86 90
24 34 53 85 86 90 94
24 34 53 85 86 94
24 34 53 85 90
24 34 53 85 90 94
24 34 53 85 94
24 34 53 86
24 34 53 86 90
24 34 53 86 90 94
24 34 53 86 94
24 34 53 90
24 34 53 90 94
24 34 53 94
24 34 85
24 34 85 86
24 34 85 86 90
24 34 85 86 90 94
24 34 85 86 94
24 34 85 90
24 34 85 90 94
24 34 85 94
24 34 86
24 34 86 90
24 34 86 90 94
24 34 86 94
24 34 90
24 34 90 94
24 34 94
24 36
24 36 85
24 36 85 86
24 36 85 86 90
24 36 85 90
24 36 86
24 36 86 90
24 36 90
24 39
24 39 85
24 53
24 53 85
24 53 85 86
24 53 85 86 90
24 53 85 86 90 94
24 53 85 86 94
24 53 85 90
24 53 85 90 94
24 53 85 94
24 53 86
24 53 86 90
24 53 86 90 94
24 53 86 94
24 53 90
24 53 90 94
24 53 94
24 85
24 85 86
24 85 86 90
24 85 86 90 94
24 85 86 94
24 85 90
24 85 90 94
24 85 94
24 86
24 86 90
24 86 90 94
24 86 94
24 90
24 90 94
24 94
28
28 34
28 34 39
28 34 39 53
28 34 39 53 85
28 34 39 53 85 86
28 34 39 53 85 86 90
28 34 39 53 85 90
28 34 39 53 86
28 34 39 53 86 90
28 34 39 53 90
28 34 39 59
28 34 39 59 85
28 34 39 59 85 86
28 34 39 59 86
28 34 39 63
28 34 39 63 85
28 34 39 63 85 86
28 34 39 63 86
28 34 39 85
28 34 39 85 86
28 34 39 85 86 90
28 34 39 85 90
28 34 39 86
28 34 39 86 90
28 34 39 90
28 34 53
28 34 53 85
28 34 53 85 86
28 34 53 85 86 90
28 34 53 85 90
28 34 53 86
28 34 53 86 90
28 34 53 90
28 34 59
28 34 59 85
28 34 59 85 86
28 34 59 86
28 34 63
28 34 63 85
28 34 63 85 86
28 34 63 86
28 34 85
28 34 85 86
28 34 85 86 90
28 34 85 90
28 34 86
28 34 86 90
28 34 90
28 39
28 39 53
28 39 53 85
28 39 53 85 86
28 39 53 85 86 90
28 39 53 85 90
28 39 53 86
28 39 53 86 90
28 39 53 90
28 39 59
28 39 59 63
28 39 59 63 85
28 39 59 85
28 39 59 85 86
28 39 59 86
28 39 63
28 39 63 85
28 39 63 85 86
28 39 63 86
28 39 85
28 39 85 86
28 39 85 86 90
28 39 85 90
28 39 86
28 39 86 90
28 39 90
28 53
28 53 85
28 53 85 86
28 53 85 86 90
28 53 85 90
28 53 86
28 53 86 90
28 53 90
28 59
28 59 63
28 59 63 85
28 59 85
28 59 85 86
28 59 85 90
28 59 86
28 59 90
28 63
28 63 85
28 63 85 86
28 63 86
28 85
28 85 86
28 85 86 90
28 85 90
28 86
28 86 90
28 90
3
3 34
3 34 36
3 34 36 85
3 34 36 85 86
3 34 36 85 86 90
3 34 36 85 90
3 34 36 86
3 34 36 86 90
3 34 36 90
3 34 39
3 34 39 85
3 34 39 85 86
3 34 39 86
3 34 85
3 34 85 86
3 34 85 86 90
3 34 85 90
3 34 86
3 34 86 90
3 34 90
3 36
3 36 85
3 36 85 86
3 36 85 86 90
3 36 85 90
3 36 86
3 36 86 90
3 36 90
3 39
3 39 85
3 39 85 86
3 39 85 90
3 39 86
3 39 90
3 85
3 85 86
3 85 86 90
3 85 90
3 86
3 86 90
3 90
34
34 36
34 36 39
34 36 39 56
34 36 39 56 85
34 36 39 56 85 86
34 36 39 56 85 86 90
34 36 39 56 85 90
34 36 39 56 86
34 36 39 56 86 90
34 36 39 56 90
34 36 39 59
34 36 39 59 63
34 36 39 59 63 85
34 36 39 59 63 85 86
34 36 39 59 63 86
34 36 39 59 85
34 36 39 59 85 86
34 36 39 59 85 86 90
34 36 39 59 85 86 90 93
34 36 39 59 85 86 93
34 36 39 59 85 90
34 36 39 59 85 90 93
34 36 39 59 85 93
34 36 39 59 86
34 36 39 59 86 90
34 36 39 59 86 90 93
34 36 39 59 86 93
34 36 39 59 90
34 36 39 59 90 93
34 36 39 59 93
34 36 39 63
34 36 39 63 85
34 36 39 63 85 86
34 36 39 63 85 86 93
34 36 39 63 85 93
34 36 39 63 86
34 36 39 63 86 93
34 36 39 63 93
34 36 39 85
34 36 39 85 86
34 36 39 85 86 90
34 36 39 85 86 90 93
34 36 39 85 86 93
34 36 39 85 90
34 36 39 85 90 93
34 36 39 85 93
34 36 39 86
34 36 39 86 90
34 36 39 86 90 93
34 36 39 86 93
34 36 39 90
34 36 39 90 93
34 36 39 93
34 36 52
34 36 52 85
34 36 52 85 86
34 36 52 85 86 90
34 36 52 85 90
34 36 52 86
34 36 52 86 90
34 36 52 90
34 36 53
34 36 53 59
34 36 53 59 85
34 36 53 59 85 86
34 36 53 59 85 86 90
34 36 53 59 85 90
34 36 53 59 86
34 36 53 59 86 90
34 36 53 59 90
34 36 53 63
34 36 53 63 85
34 36 53 63 85 86
34 36 53 63 85 86 90
34 36 53 63 85 90
34 36 53 63 86
34 36 53 63 86 90
34 36 53 63 90
34 36 53 85
34 36 53 85 86
34 36 53 85 86 90
34 36 53 85 90
34 36 53 86
34 36 53 86 90
34 36 53 90
34 36 56
34 36 56 85
34 36 56 85 86
34 36 56 85 86 90
34 36 56 85 90
34 36 56 86
34 36 56 86 90
34 36 56 90
34 36 59
34 36 59 63
34 36 59 63 85
34 36 59 63 85 86
34 36 59 63 85 86 90
34 36 59 63 85 86 90 93
34 36 59 63 85 86 93
34 36 59 63 85 90
34 36 59 63 85 90 93
34 36 59 63 85 93
34 36 59 63 86
34 36 59 63 86 90
34 36 59 63 86 90 93
34 36 59 63 86 93
34 36 59 63 90
34 36 59 63 90 93
34 36 59 63 93
34 36 59 67
34 36 59 67 85
34 36 59 67 85 86
34 36 59 67 86
34 36 59 76
34 36 59 76 85
34 36 59 76 85 86
34 36 59 76 86
34 36 59 85
34 36 59 85 86
34 36 59 85 86 90
34 36 59 85 86 90 93
34 36 59 85 86 93
34 36 59 85 90
34 36 59 85 90 93
34 36 59 85 93
34 36 59 86
34 36 59 86 90
34 36 59 86 90 93
34 36 59 86 93
34 36 59 90
34 36 59 90 93
34 36 59 93
34 36 6
34 36 6 85
34 36 6 85 86
34 36 6 85 86 90
34 36 6 85 90
34 36 6 86
34 36 6 86 90
34 36 6 90
34 36 63
34 36 63 85
34 36 63 85 86
34 36 63 85 86 90
34 36 63 85 86 90 93
34 36 63 85 86 93
34 36 63 85 90
34 36 63 85 90 93
34 36 63 85 93
34 36 63 86
34 36 63 86 90
34 36 63 86 90 93
34 36 63 86 93
34 36 63 90
34 36 63 90 93
34 36 63 93
34 36 67
34 36 67 85
34 36 67 85 86
34 36 67 85 86 90
34 36 67 85 90
34 36 67 86
34 36 67 86 90
34 36 67 90
34 36 76
34 36 76 85
34 36 76 85 86
34 36 76 85 86 90
34 36 76 85 90
34 36 76 86
34 36 76 86 90
34 36 76 90
34 36 85
34 36 85 86
34 36 85 86 90
34 36 85 86 90 93
34 36 85 86 93
34 36 85 90
34 36 85 90 93
34 36 85 93
34 36 86
34 36 86 90
34 36 86 90 93
34 36 86 93
34 36 90
34 36 90 93
34 36 93
34 38
34 38 85
34 38 85 86
34 38 85 86 90
34 38 85 90
34 38 86
34 38 86 90
34 38 90
34 39
34 39 52
34 39 52 85
34 39 52 85 86
34 39 52 86
34 39 53
34 39 53 85
34 39 53 85 86
34 39 53 85 86 90
34 39 53 85 90
34 39 53 86
34 39 53 86 90
34 39 53 90
34 39 56
34 39 56 85
34 39 56 85 86
34 39 56 85 86 90
34 39 56 85 90
34 39 56 86
34 39 56 86 90
34 39 56 90
34 39 59
34 39 59 63
34 39 59 63 85
34 39 59 63 85 86
34 39 59 63 85 86 90
34 39 59 63 85 86 93
34 39 59 63 85 90
34 39 59 63 85 93
34 39 59 63 86
34 39 59 63 86 90
34 39 59 63 86 93
34 39 59 63 90
34 39 59 63 93
34 39 59 85
34 39 59 85 86
34 39 59 85 86 90
34 39 59 85 86 90 93
34 39 59 85 86 93
34 39 59 85 90
34 39 59 85 90 93
34 39 59 85 93
34 39 59 86
34 39 59 86 90
34 39 59 86 90 93
34 39 59 86 93
34 39 59 90
34 39 59 90 93
34 39 59 93
34 39 63
34 39 63 85
34 39 63 85 86
34 39 63 85 86 90
34 39 63 85 86 93
34 39 63 85 90
34 39 63 85 93
34 39 63 86
34 39 63 86 90
34 39 63 86 93
34 39 63 90
34 39 63 93
34 39 67
34 39 67 85
34 39 67 85 86
34 39 67 86
34 39 76
34 39 76 85
34 39 76 85 86
34 39 76 86
34 39 85
34 39 85 86
34 39 85 86 90
34 39 85 86 90 93
34 39 85 86 93
34 39 85 90
34 39 85 90 93
34 39 85 93
34 39 86
34 39 86 90
34 39 86 90 93
34 39 86 93
34 39 90
34 39 90 93
34 39 93
34 52
34 52 85
34 52 85 86
34 52 85 86 90
34 52 85 90
34 52 86
34 52 86 90
34 52 90
34 53
34 53 59
34 53 59 63
34 53 59 63 85
34 53 59 63 85 86
34 53 59 63 85 86 90
34 53 59 63 85 90
34 53 59 63 86
34 53 59 63 86 90
34 53 59 63 90
34 53 59 85
34 53 59 85 86
34 53 59 85 86 90
34 53 59 85 90
34 53 59 86
34 53 59 86 90
34 53 59 90
34 53 63
34 53 63 85
34 53 63 85 86
34 53 63 85 86 90
34 53 63 85 90
34 53 63 86
34 53 63 86 90
34 53 63 90
34 53 67
34 53 67 85
34 53 67 85 86
34 53 67 85 86 90
34 53 67 85 90
34 53 67 86
34 53 67 86 90
34 53 67 90
34 53 76
34 53 76 85
34 53 76 85 86
34 53 76 85 86 90
34 53 76 85 90
34 53 76 86
34 53 76 86 90
34 53 76 90
34 53 85
34 53 85 86
34 53 85 86 90
34 53 85 86 90 94
34 53 85 86 94
34 53 85 90
34 53 85 90 94
34 53 85 94
34 53 86
34 53 86 90
34 53 86 90 94
34 53 86 94
34 53 90
34 53 90 94
34 53 94
34 56
34 56 85
34 56 85 86
34 56 85 86 90
34 56 85 90
34 56 86
34 56 86 90
34 56 90
34 59
34 59 63
34 59 63 67
34 59 63 67 85
34 59 63 67 85 86
34 59 63 67 86
34 59 63 76
34 59 63 76 85
34 59 63 76 85 86
34 59 63 76 86
34 59 63 85
34 59 63 85 86
34 59 63 85 86 90
34 59 63 85 86 90 93
34 59 63 85 86 93
34 59 63 85 90
34 59 63 85 90 93
34 59 63 85 93
34 59 63 86
34 59 63 86 90
34 59 63 86 90 93
34 59 63 86 93
34 59 63 90
34 59 63 90 93
34 59 63 93
34 59 67
34 59 67 76
34 59 67 76 85
34 59 67 76 85 86
34 59 67 76 86
34 59 67 85
34 59 67 85 86
34 59 67 85 86 90
34 59 67 85 90
34 59 67 86
34 59 67 86 90
34 59 67 90
34 59 76
34 59 76 85
34 59 76 85 86
34 59 76 85 86 90
34 59 76 85 90
34 59 76 86
34 59 76 86 90
34 59 76 90
34 59 85
34 59 85 86
34 59 85 86 90
34 59 85 86 90 93
34 59 85 86 93
34 59 85 90
34 59 85 90 93
34 59 85 93
34 59 86
34 59 86 90
34 59 86 90 93
34 59 86 93
34 59 90
34 59 90 93
34 59 93
34 6
34 6 85
34 6 85 86
34 6 85 86 90
34 6 85 90
34 6 86
34 6 86 90
34 6 90
34 63
34 63 67
34 63 67 85
34 63 67 85 86
34 63 67 85 86 90
34 63 67 85 90
34 63 67 86
34 63 67 86 90
34 63 67 90
34 63 76
34 63 76 85
34 63 76 85 86
34 63 76 85 86 90
34 63 76 85 90
34 63 76 86
34 63 76 86 90
34 63 76 90
34 63 85
34 63 85 86
34 63 85 86 90
34 63 85 86 90 93
34 63 85 86 93
34 63 85 90
34 63 85 90 93
34 63 85 93
34 63 86
34 63 86 90
34 63 86 90 93
34 63 86 93
34 63 90
34 63 90 93
34 63 93
34 67
34 67 76
34 67 76 85
34 67 76 85 86
34 67 76 85 86 90
34 67 76 85 90
34 67 76 86
34 67 76 86 90
34 67 76 90
34 67 85
34 67 85 86
34 67 85 86 90
34 67 85 86 93
34 67 85 90
34 67 85 93
34 67 86
34 67 86 90
34 67 86 93
34 67 90
34 67 93
34 76
34 76 85
34 76 85 86
34 76 85 86 90
34 76 85 86 93
34 76 85 90
34 76 85 93
34 76 86
34 76 86 90
34 76 86 93
34 76 90
34 76 93
34 85
34 85 86
34 85 86 90
34 85 86 90 93
34 85 86 90 94
34 85 86 93
34 85 86 94
34 85 90
34 85 90 93
34 85 90 94
34 85 93
34 85 94
34 86
34 86 90
34 86 90 93
34 86 90 94
34 86 93
34 86 94
34 90
34 90 93
34 90 94
34 93
34 94
36
36 39
36 39 52
36 39 52 85
36 39 56
36 39 56 85
36 39 56 85 86
36 39 56 85 86 90
36 39 56 85 90
36 39 56 86
36 39 56 86 90
36 39 56 90
36 39 59
36 39 59 63
36 39 59 63 85
36 39 59 63 85 86
36 39 59 63 85 90
36 39 59 63 85 90 93
36 39 59 63 85 93
36 39 59 63 86
36 39 59 63 90
36 39 59 63 90 93
36 39 59 63 93
36 39 59 85
36 39 59 85 86
36 39 59 85 86 90
36 39 59 85 86 90 93
36 39 59 85 86 93
36 39 59 85 90
36 39 59 85 90 93
36 39 59 85 93
36 39 59 86
36 39 59 86 90
36 39 59 86 90 93
36 39 59 86 93
36 39 59 90
36 39 59 90 93
36 39 59 93
36 39 63
36 39 63 85
36 39 63 85 86
36 39 63 85 86 93
36 39 63 85 90
36 39 63 85 90 93
36 39 63 85 93
36 39 63 86
36 39 63 86 93
36 39 63 90
36 39 63 90 93
36 39 63 93
36 39 85
36 39 85 86
36 39 85 86 90
36 39 85 86 90 93
36 39 85 86 93
36 39 85 90
36 39 85 90 93
36 39 85 93
36 39 86
36 39 86 90
36 39 86 90 93
36 39 86 93
36 39 90
36 39 90 93
36 39 93
36 52
36 52 85
36 52 85 86
36 52 85 86 90
36 52 85 90
36 52 86
36 52 86 90
36 52 90
36 53
36 53 59
36 53 59 85
36 53 59 85 86
36 53 59 85 86 90
36 53 59 85 90
36 53 59 86
36 53 59 86 90
36 53 59 90
36 53 63
36 53 63 85
36 53 63 85 86
36 53 63 85 86 90
36 53 63 85 90
36 53 63 86
36 53 63 86 90
36 53 63 90
36 53 85
36 53 85 86
36 53 85 86 90
36 53 85 90
36 53 86
36 53 86 90
36 53 90
36 56
36 56 85
36 56 85 86
36 56 85 86 90
36 56 85 90
36 56 86
36 56 86 90
36 56 90
36 59
36 59 63
36 59 63 85
36 59 63 85 86
36 59 63 85 86 90
36 59 63 85 86 90 93
36 59 63 85 86 93
36 59 63 85 90
36 59 63 85 90 93
36 59 63 85 93
36 59 63 86
36 59 63 86 90
36 59 63 86 90 93
36 59 63 86 93
36 59 63 90
36 59 63 90 93
36 59 63 93
36 59 67
36 59 67 85
36 59 67 85 86
36 59 67 86
36 59 76
36 59 76 85
36 59 76 85 86
36 59 76 86
36 59 85
36 59 85 86
36 59 85 86 90
36 59 85 86 90 93
36 59 85 86 93
36 59 85 90
36 59 85 90 93
36 59 85 93
36 59 86
36 59 86 90
36 59 86 90 93
36 59 86 93
36 59 90
36 59 90 93
36 59 93
36 6
36 6 85
36 6 85 86
36 6 85 86 90
36 6 85 90
36 6 86
36 6 86 90
36 6 90
36 63
36 63 85
36 63 85 86
36 63 85 86 90
36 63 85 86 90 93
36 63 85 86 93
36 63 85 90
36 63 85 90 93
36 63 85 93
36 63 86
36 63 86 90
36 63 86 90 93
36 63 86 93
36 63 90
36 63 90 93
36 63 93
36 67
36 67 85
36 67 85 86
36 67 85 86 90
36 67 85 90
36 67 86
36 67 86 90
36 67 90
36 76
36 76 85
36 76 85 86
36 76 85 86 90
36 76 85 90
36 76 86
36 76 86 90
36 76 90
36 85
36 85 86
36 85 86 90
36 85 86 90 93
36 85 86 93
36 85 90
36 85 90 93
36 85 93
36 86
36 86 90
36 86 90 93
36 86 93
36 90
36 90 93
36 93
38
38 85
38 85 86
38 85 86 90
38 85 90
38 86
38 86 90
38 90
39
39 52
39 52 85
39 52 85 86
39 52 86
39 53
39 53 85
39 53 85 86
39 53 85 86 90
39 53 85 90
39 53 86
39 53 86 90
39 53 90
39 56
39 56 85
39 56 85 86
39 56 85 86 90
39 56 85 90
39 56 86
39 56 86 90
39 56 90
39 59
39 59 63
39 59 63 85
39 59 63 85 86
39 59 63 85 86 90
39 59 63 85 86 93
39 59 63 85 90
39 59 63 85 90 93
39 59 63 85 93
39 59 63 86
39 59 63 86 90
39 59 63 86 93
39 59 63 90
39 59 63 90 93
39 59 63 93
39 59 85
39 59 85 86
39 59 85 86 90
39 59 85 86 90 93
39 59 85 86 93
39 59 85 90
39 59 85 90 93
39 59 85 93
39 59 86
39 59 86 90
39 59 86 90 93
39 59 86 93
39 59 90
39 59 90 93
39 59 93
39 63
39 63 85
39 63 85 86
39 63 85 86 90
39 63 85 86 93
39 63 85 90
39 63 85 90 93
39 63 85 93
39 63 86
39 63 86 90
39 63 86 93
39 63 90
39 63 90 93
39 63 93
39 67
39 67 85
39 67 85 86
39 67 86
39 76
39 76 85
39 76 85 86
39 76 86
39 85
39 85 86
39 85 86 90
39 85 86 90 93
39 85 86 93
39 85 90
39 85 90 93
39 85 93
39 86
39 86 90
39 86 90 93
39 86 93
39 90
39 90 93
39 93
52
52 85
52 85 86
52 85 86 90
52 85 90
52 86
52 86 90
52 90
53
53 59
53 59 63
53 59 63 85
53 59 63 85 86
53 59 63 85 86 90
53 59 63 85 90
53 59 63 86
53 59 63 86 90
53 59 63 90
53 59 85
53 59 85 86
53 59 85 86 90
53 59 85 90
53 59 86
53 59 86 90
53 59 90
53 63
53 63 85
53 63 85 86
53 63 85 86 90
53 63 85 90
53 63 86
53 63 86 90
53 63 90
53 67
53 67 85
53 67 85 86
53 67 85 86 90
53 67 85 90
53 67 86
53 67 86 90
53 67 90
53 76
53 76 85
53 76 85 86
53 76 85 86 90
53 76 85 90
53 76 86
53 76 86 90
53 76 90
53 85
53 85 86
53 85 86 90
53 85 86 90 94
53 85 86 94
53 85 90
53 85 90 94
53 85 94
53 86
53 86 90
53 86 90 94
53 86 94
53 90
53 90 94
53 94
56
56 85
56 85 86
56 85 86 90
56 85 90
56 86
56 86 90
56 90
58
58 85
59
59 63
59 63 67
59 63 67 85
59 63 67 85 86
59 63 67 86
59 63 76
59 63 76 85
59 63 76 85 86
59 63 76 86
59 63 85
59 63 85 86
59 63 85 86 90
59 63 85 86 90 93
59 63 85 86 93
59 63 85 90
59 63 85 90 93
59 63 85 93
59 63 86
59 63 86 90
59 63 86 90 93
59 63 86 93
59 63 90
59 63 90 93
59 63 93
59 67
59 67 76
59 67 76 85
59 67 76 85 86
59 67 76 86
59 67 85
59 67 85 86
59 67 85 86 90
59 67 85 90
59 67 86
59 67 86 90
59 67 90
59 76
59 76 85
59 76 85 86
59 76 85 86 90
59 76 85 90
59 76 86
59 76 86 90
59 76 90
59 85
59 85 86
59 85 86 90
59 85 86 90 93
59 85 86 93
59 85 90
59 85 90 93
59 85 93
59 86
59 86 90
59 86 90 93
59 86 93
59 90
59 90 93
59 93
6
6 85
6 85 86
6 85 86 90
6 85 90
6 86
6 86 90
6 90
63
63 67
63 67 85
63 67 85 86
63 67 85 86 90
63 67 85 90
63 67 86
63 67 86 90
63 67 90
63 76
63 76 85
63 76 85 86
63 76 85 86 90
63 76 85 90
63 76 86
63 76 86 90
63 76 90
63 85
63 85 86
63 85 86 90
63 85 86 90 93
63 85 86 93
63 85 90
63 85 90 93
63 85 93
63 86
63 86 90
63 86 90 93
63 86 93
63 90
63 90 93
63 93
67
67 76
67 76 85
67 76 85 86
67 76 85 86 90
67 76 85 90
67 76 86
67 76 86 90
67 76 90
67 85
67 85 86
67 85 86 90
67 85 86 93
67 85 90
67 85 93
67 86
67 86 90
67 86 93
67 90
67 93
76
76 85
76 85 86
76 85 86 90
76 85 86 93
76 85 90
76 85 93
76 86
76 86 90
76 86 93
76 90
76 93
85
85 86
85 86 90
85 86 90 93
85 86 90 94
85 86 93
85 86 94
85 9
85 90
85 90 93
85 90 94
85 93
85 94
86
86 90
86 90 93
86 90 94
86 93
86 94
9
90
90 93
90 94
93
94
