29
29 34
29 36
29 36 40
29 36 40 52
29 36 40 52 58
29 36 40 58
29 36 52
29 36 52 58
29 36 58
29 36 58 60
29 36 60
29 40
29 40 52
29 40 52 58
29 40 52 58 60
29 40 52 60
29 40 58
29 40 58 60
29 40 58 7
29 40 60
29 40 7
29 52
29 52 58
29 52 58 60
29 52 58 7
29 52 60
29 52 7
29 58
29 58 60
29 58 62
29 58 7
29 60
29 62
29 7
34
34 58
36
36 40
36 40 52
36 40 52 58
36 40 58
36 52
36 52 58
36 52 58 60
36 52 60
36 58
36 58 60
36 60
40
40 52
40 52 58
40 52 58 60
40 52 58 7
40 52 60
40 52 7
40 58
40 58 60
40 58 62
40 58 7
40 60
40 62
40 7
52
52 58
52 58 60
52 58 62
52 58 7
52 60
52 62
52 7
58
58 60
58 62
58 7
60
62
7
