170
170 180
170 180 184
170 180 184 4426
170 180 184 4428
170 180 184 4428 4438
170 180 184 4428 7062
170 180 184 4432
170 180 184 4434
170 180 184 4434 4438
170 180 184 4438
170 180 184 4438 7062
170 180 184 7062
170 180 4426
170 180 4428
170 180 4428 4438
170 180 4428 7062
170 180 4432
170 180 4434
170 180 4434 4438
170 180 4438
170 180 4438 7062
170 180 7062
170 184
170 184 4426
170 184 4428
170 184 4428 4438
170 184 4428 7062
170 184 4432
170 184 4434
170 184 4434 4438
170 184 4438
170 184 4438 7062
170 184 7062
170 4426
170 4426 4428
170 4426 4428 4438
170 4426 4438
170 4426 4438 7062
170 4426 7062
170 4428
170 4428 4438
170 4428 4438 7062
170 4428 7062
170 4432
170 4432 4438
170 4432 4438 7062
170 4432 7062
170 4434
170 4434 4438
170 4434 4438 7062
170 4434 7062
170 4438
170 4438 4940
170 4438 4940 7062
170 4438 7062
170 4438 7092
170 4940
170 4940 7062
170 7062
170 7062 7092
170 7092
180
180 184
180 184 4426
180 184 4426 4438
180 184 4428
180 184 4428 4438
180 184 4428 4438 7062
180 184 4428 7062
180 184 4432
180 184 4432 4438
180 184 4434
180 184 4434 4438
180 184 4434 4438 7062
180 184 4434 7062
180 184 4438
180 184 4438 4940
180 184 4438 7062
180 184 4438 7092
180 184 4940
180 184 7062
180 184 7092
180 4426
180 4426 4438
180 4428
180 4428 4438
180 4428 4438 7062
180 4428 7062
180 4432
180 4432 4438
180 4434
180 4434 4438
180 4434 4438 7062
180 4434 7062
180 4438
180 4438 4940
180 4438 7062
180 4438 7092
180 4940
180 7062
180 7092
184
184 4426
184 4426 4438
184 4428
184 4428 4438
184 4428 4438 7062
184 4428 7062
184 4432
184 4432 4438
184 4434
184 4434 4438
184 4434 4438 7062
184 4434 7062
184 4438
184 4438 4940
184 4438 7062
184 4438 7092
184 4940
184 7062
184 7092
188
188 4438
4426
4426 4428
4426 4428 4438
4426 4428 4438 7062
4426 4428 7062
4426 4434
4426 4438
4426 4438 7062
4426 7062
4428
4428 4432
4428 4432 4438
4428 4432 7062
4428 4434
4428 4434 4438
4428 4434 7062
4428 4438
4428 4438 4940
4428 4438 7062
4428 4438 7092
4428 4940
4428 7062
4428 7092
4432
4432 4434
4432 4434 4438
4432 4438
4432 4438 7062
4432 7062
4434
4434 4438
4434 4438 7062
4434 7062
4436
4436 4438
4436 4438 7062
4436 7062
4438
4438 4940
4438 4940 7062
4438 7062
4438 7062 7092
4438 7092
4940
4940 7062
7062
7062 7092
7092
